1.454450005334615659e+00
1.356123118764162028e+00
1.292031608456373215e+00
1.248852801090478915e+00
1.214449084937572421e+00
1.182708536264300392e+00
1.158476955395936869e+00
1.139082953047752422e+00
1.123340792572498303e+00
1.111410282972455033e+00
1.090568605419993453e+00
1.080945359113812509e+00
1.069200711053609920e+00
1.056324169376492428e+00
1.042822348234057506e+00
1.033149660021066563e+00
1.028046040585637089e+00
1.015173401951789955e+00
1.004630096910893888e+00
9.983576872423290949e-01
9.783335575953125973e-01
9.752627398774027512e-01
9.670161460399627762e-01
9.572033421084285010e-01
9.479274884015321812e-01
9.412981247812509666e-01
9.294730967596173121e-01
9.143878445357084273e-01
9.078445535019039614e-01
8.960784773647785251e-01
8.848713085696101599e-01
8.750159845091401989e-01
8.673881759747862352e-01
8.550067424088716450e-01
8.477780188649892690e-01
8.406616548687219082e-01
8.292359791576862094e-01
8.240110376790166224e-01
8.176073971763253567e-01
8.190427004180849124e-01
