1.907424192655086559e+00
1.502547138476371780e+00
1.462081051993370018e+00
1.423281088548898676e+00
1.384517508351802872e+00
1.351977406233549228e+00
1.310358054697513541e+00
1.269385765492916152e+00
1.225031881025433478e+00
1.174938445410132370e+00
1.121471528691053487e+00
1.000299304808676348e+00
9.658783911630510755e-01
9.460259166061878444e-01
9.297707662358880576e-01
9.038449029423296643e-01
8.976846383064984725e-01
8.778463090285658632e-01
8.657921362444758184e-01
8.475798546902835184e-01
8.293109893679618816e-01
7.888291755497455204e-01
7.701347817346453350e-01
7.679068874508142573e-01
7.640564578212797331e-01
7.606074689395725397e-01
7.581945940777659043e-01
7.514487968109547777e-01
7.427961324095726514e-01
7.483506180025637500e-01
7.404407887689768986e-01
7.314043072246014798e-01
7.352315827071667087e-01
7.321646436609328124e-01
7.287231333658099608e-01
7.246071034163236169e-01
7.286541013240813713e-01
7.245758092902601089e-01
7.317461385086179160e-01
7.317238510813564023e-01
