3.678965088367462055e+00
3.142080247402191162e+00
2.721011287689209190e+00
2.392751605749130039e+00
2.139565829277038755e+00
1.932289569616317815e+00
1.761077461481094453e+00
1.629341806650161706e+00
1.519911775827407885e+00
1.432028796672821125e+00
1.350346997857093889e+00
1.285929636001586829e+00
1.234457218527793776e+00
1.185884195208549485e+00
1.140233550667762774e+00
1.105657299876213084e+00
1.072255431413650539e+00
1.021480595707893402e+00
1.004789290904998689e+00
9.676516988277434894e-01
9.572358692884445075e-01
9.355550982952117733e-01
9.173067787885665902e-01
8.975874645709991384e-01
8.748405509591102858e-01
8.631175829768180652e-01
8.422831190824509040e-01
8.486788409948349265e-01
8.268694068789481655e-01
8.095228094458579715e-01
8.075771404504775708e-01
7.840225499868392900e-01
7.932864282727241090e-01
7.775368231534958152e-01
7.665509278178215258e-01
7.588694040179252420e-01
7.375668051242828538e-01
7.507812772393226419e-01
7.280376091003417649e-01
7.333318945765495700e-01
7.275674352645874476e-01
7.122476881742477728e-01
7.151821313500403843e-01
7.034726358652114708e-01
7.010087107419967767e-01
6.915874964594841412e-01
6.974198743104934595e-01
6.904712669849395468e-01
6.896553844213485496e-01
6.791460109949112312e-01
6.876950152516364545e-01
6.818153621554374766e-01
6.708919132351874870e-01
6.662496656179428545e-01
6.710981795191764965e-01
6.535529258847236900e-01
6.719928393363953090e-01
6.548946673870086332e-01
6.539349684715271005e-01
6.467079375386237672e-01
6.408304377794266093e-01
6.495322095155715569e-01
3.120745531171560394e-01
1.952377467304468039e-01
1.584064093530178075e-01
1.341389845758676480e-01
1.142797095775604233e-01
1.004851446002721777e-01
8.831657810509205286e-02
7.922757178544997947e-02
7.097832003235816922e-02
6.204671472311019953e-02
5.960133811831474365e-02
5.304610554873943201e-02
4.869986198842525538e-02
4.570502941310405909e-02
4.257958857715130052e-02
3.955335169285535690e-02
3.772370778769254529e-02
3.510201938450336484e-02
3.207230778038501484e-02
3.205755396187305595e-02
2.785576382279396010e-02
2.630739226937293951e-02
2.594052472710609361e-02
2.520913054049014890e-02
2.475035560876131038e-02
2.472090251743793571e-02
2.442470628023147433e-02
2.396189041435718703e-02
2.483098895847797236e-02
2.425753769278526234e-02
2.360146866738796131e-02
2.293114462494850320e-02
2.304245130717754234e-02
2.291419520974159393e-02
2.305453735589980957e-02
2.242302392423152838e-02
2.267928327620029327e-02
2.290618453919887609e-02
